     7.8463          1   3.178054
    10.6534          1   3.465736
     7.1023          1   3.496508
     7.9545          1   2.302585
     8.2841          1   3.295837
    10.4665          1   3.178054
    11.0480          1   2.639057
     7.2727          1   3.135494
     8.3807          1   2.833213
    12.2850          1    3.73767
     7.7751          1   3.218876
     7.4675          1   3.465736
     8.8584          1   3.555348
     8.8659          1   3.044523
     9.1856          1   3.583519
     9.2975          1   3.713572
     8.2386          1   3.526361
    11.8122          1   2.772589
     9.6591          1   3.465736
     7.6781          1   2.944439
     8.4108          1   3.465736
    10.0179          1   3.526361
     8.6648          1   2.484907
     6.5657          1   3.367296
     8.8778          1   2.890372
     9.7854          1   3.295837
     7.8125          1   2.944439
     7.5284          1   3.367296
     9.2703          1   2.944439
     8.9713          1   3.637586
     9.2330          1   3.135494
     4.5455          1   3.332205
     8.2372          1   2.995732
    12.0739          1   3.496508
     7.9764          1   3.713572
    11.6550          1   3.091043
     9.6591          1   3.091043
     9.9432          1   3.433987
     7.8125          1   3.401197
     5.6818          1   3.496508
     8.3261          1   3.526361
     7.8125          1   1.609438
    12.7841          1   3.555348
     7.9246          1   3.610918
     7.8125          1   2.995732
     8.6806          1   3.091043
     7.8176          1   3.637586
    11.8371          1   3.496508
     8.1169          1   3.091043
     8.2237          1   3.713572
     9.9432          1   3.091043
     9.9856          1   3.295837
     7.4179          1   2.944439
     9.0909          1   3.332205
     9.2330          1   3.091043
     6.5559          1   2.944439
    11.0480          1   3.583519
    13.4943          1   3.637586
    11.3636          1   3.218876
     9.7189          1   3.583519
    11.8371          1   3.178054
     7.3864          1   3.044523
     9.7189          1   3.332205
    11.2141          1   3.433987
     8.5227          1   3.367296
     8.5227          1   3.401197
     7.8671          1   2.772589
     9.7189          1   3.526361
    11.3636          1   3.637586
    10.5519          1   2.944439
     6.1364          1   3.367296
     7.6096          1   2.302585
    10.2273          1   3.555348
     8.2386          1   3.555348
     9.8011          1   3.526361
     9.7189          1   3.828641
    11.3636          2   2.890372
     9.9432          2   3.218876
    10.6534          2   2.944439
    15.9091          2   3.044523
     8.8474          2   3.091043
    11.3636          2   2.890372
    12.2850          2   3.135494
    12.1112          2   3.583519
     9.6591          2   3.688879
     7.1023          2   2.564949
     9.2627          2   3.258096
     6.1553          2   3.433987
    11.0646          2   2.944439
     8.4459          2   3.526361
     3.4965          2   3.044523
    10.0499          2   3.401197
     9.2330          2   2.639057
    12.2608          2   3.583519
    11.4746          2   3.526361
     7.1023          2   1.609438
     6.7602          2   2.772589
    13.2576          2   3.555348
     8.9962          2   3.178054
     9.2330          2   2.197225
     7.2443          2   3.218876
    13.8889          2   3.828641
    12.4103          2   2.772589
     9.7189          2   3.178054
     7.9545          2   2.944439
    12.2159          2   3.526361
    10.3403          2   2.772589
     8.7810          2   2.484907
     8.2237          2   3.091043
     7.7616          2   2.484907
     8.0966          2   3.091043
     9.9432          2   3.218876
    11.8371          2   3.178054
    14.9522          2   3.332205
     7.5758          2   3.178054
    12.8589          2   3.044523
     5.4113          2   3.295837
    11.5132          2   3.178054
    10.4665          2   2.079442
    11.5412          2   3.258096
    10.6534          2   3.044523
    11.2141          2   2.772589
    12.4103          2   2.833213
     4.4643          2   3.401197
     6.4935          2   3.218876
     7.6119          2   2.302585
     9.4697          2   2.639057
     8.8258          2   3.178054
     8.0492          2   3.044523
     8.5227          2   1.609438
    12.5226          2   3.401197
    12.1753          2    2.70805
    11.2268          2   3.218876
     8.9713          2    2.70805
     5.7586          2   1.098612
    17.0455          2   3.218876
     5.6818          2    1.94591
     8.0966          2   3.555348
     6.7285          2   3.526361
     9.7189          2   3.218876
     7.5057          2   2.484907
     8.4324          2   1.609438
     5.6818          2   1.386294
     9.9432          2   3.433987
    10.7955          2   3.135494
    16.9034          2   2.890372
     8.1666          2   2.772589
     4.6591          2   3.332205
     8.8218          2   3.555348
     9.7189          2   3.091043
     7.7751          2   2.833213
    12.3106          2   3.465736
     9.2330          2   3.091043
     5.5240          2   2.197225
     8.2237          2   3.332205
    11.2141          2   3.135494
    10.6069          2   3.178054
     7.1023          2   2.639057
     5.3030          2   2.079442
    11.3636          2   3.258096
     3.6657          2   1.609438
     6.6288          2   1.098612
     8.8311          2   2.995732
     4.3831          2   2.564949
     9.2172          2   3.688879
    11.8122          2   3.433987
     9.6849          2   3.496508
     7.3864          2   2.397895
    12.6645          2   3.218876
    14.5885          2   3.583519
     8.5227          2   2.772589
     6.5341          2   1.386294
    13.3600          2   3.178054
     7.8125          2   1.386294
     7.8125          2   1.791759
     8.9761          2    2.70805
     8.2924          2   3.258096
    10.9898          2   2.944439
    10.6534          2   2.772589
    10.6534          2   3.663562
     6.3920          2   2.484907
     9.2330          2   3.401197
     7.4761          2   3.135494
     7.1770          2   1.609438
    11.8125          2   3.465736
     6.9202          2   2.995732
    13.7074          2   3.091043
    10.6534          2   3.433987
     6.1080          2   .6931472
    12.9870          2   3.218876
    14.0094          2   3.044523
     7.6705          2   2.944439
    12.0739          2   3.465736
     9.0544          2   2.995732
     9.2330          2   3.555348
     7.1023          2   1.098612
    12.0739          2   2.833213
    10.4665          2   3.135494
    24.9447          2   3.850147
     5.6818          2    1.94591
     4.9342          2   1.791759
    17.3611          2   3.258096
    17.4193          2   3.663562
     9.7189          2   2.639057
     7.9246          2   2.772589
    14.9522          2   3.178054
     9.2138          2    2.70805
    10.7401          2   3.044523
    11.5172          2   3.526361
     8.9713          2   2.944439
     7.1023          2   1.791759
     9.9432          2   3.091043
     7.2942          2   .6931472
     9.4697          2   3.496508
     5.6818          2   1.791759
     8.2860          2   2.564949
    10.7494          2   3.044523
    11.2216          2   3.044523
     7.1023          2   3.218876
    10.1010          2   2.944439
    14.2045          2   3.332205
    11.0795          2   2.995732
    11.0795          2   2.890372
     6.1425          2   3.433987
    10.6534          2   3.295837
    17.0455          2   3.526361
     7.9545          2   2.397895
     8.5227          2   3.332205
    13.8889          2   3.688879
     6.3122          2   .6931472
    14.2813          2   3.465736
     8.5227          2   2.890372
     9.2875          2   3.295837
     7.3153          2   3.091043
     6.6761          2   2.772589
    12.7093          2   3.496508
     8.0492          2    1.94591
    10.5188          2   3.044523
    10.7323          2   2.397895
    10.0852          2   3.044523
     8.5227          2   3.135494
     8.6139          2    2.70805
    13.4943          2   3.850147
     8.6178          2   2.484907
     9.9786          2   3.091043
    11.3636          2   3.044523
     8.0742          2   3.555348
     5.2557          2   2.772589
    10.3841          2   2.639057
     7.7773          2   3.401197
     9.4697          2   3.258096
     8.6723          2   3.178054
     8.8384          2   3.367296
     8.3732          2   3.828641
     7.1584          2   3.663562
    10.4167          2    2.70805
    12.6748          2    2.70805
     8.5859          2   2.833213
    10.4665          2   3.496508
    10.3439          2    1.94591
     9.9068          2   3.713572
     6.1553          2   3.218876
     9.6591          2   3.258096
     8.9713          2   2.564949
     9.9816          2   3.401197
    21.1247          2   3.332205
     6.3920          2   1.098612
     8.5920          2   3.135494
     7.6420          2   3.401197
    10.1981          2   2.484907
     9.4183          3   3.663562
     8.5227          3   1.791759
    12.0739          3   2.833213
    10.8778          3   2.302585
    14.2857          3   2.302585
    13.8889          3   3.295837
    10.2273          3   3.135494
     9.7189          3   1.609438
    12.3580          3   2.639057
    13.8889          3   3.258096
    27.6199          3   3.583519
     7.7727          3   3.433987
    14.9522          3   3.135494
     9.6560          3   2.772589
     7.2285          3   1.791759
    15.8562          3   3.850147
    17.3611          3   3.218876
    11.3636          3   2.995732
     8.6723          3   3.135494
     6.7472          3   2.564949
     5.3977          3   1.609438
     9.9432          3   2.833213
     9.2703          3   2.944439
    10.6534          3   2.397895
    14.2045          3   2.772589
     8.5227          3   2.564949
     8.9713          3   2.484907
     7.8125          3    1.94591
    13.6517          3   3.688879
     8.5227          3   2.995732
    10.6534          3   2.302585
    13.4943          3   3.044523
    17.7542          3   3.178054
     9.3651          3   3.555348
    14.9522          3   3.295837
    15.2072          3   3.401197
     9.5170          3    2.70805
    11.9949          3   2.944439
     8.5227          3   3.465736
     6.8182          3   1.386294
     9.9432          3   2.772589
    12.1753          3   3.218876
    12.4563          3   1.609438
    15.6250          3   3.044523
     9.8684          3   2.944439
     8.2237          3   2.484907
     7.1023          3   3.526361
    15.2868          3   3.465736
     9.5209          3   2.302585
     6.6051          3   1.098612
    15.3563          3   3.401197
     7.8125          3   2.397895
     5.3977          3    2.70805
     9.5875          3   2.564949
     9.5694          3   2.564949
     6.9545          3   2.079442
    10.6534          3   3.433987
     7.5758          3   2.397895
     7.6045          3   2.890372
    13.4569          3   2.944439
     9.7262          3   2.944439
     8.9713          3   2.484907
     7.3864          3    1.94591
    18.9394          3    3.78419
     7.1023          3   1.791759
    19.8864          3   3.218876
     8.9713          3   2.944439
    22.7273          3   2.772589
    11.5057          3   3.135494
    12.7841          3   3.583519
     8.1587          3   2.302585
    11.3636          3   1.098612
    15.3563          3   3.135494
     8.6242          3   2.772589
     5.9524          3   1.098612
    11.2567          3   3.401197
     6.3920          3   .6931472
    14.9522          3   3.496508
    12.2850          3   3.637586
    10.1675          3   2.772589
     5.7495          3   .6931472
     9.7189          3   2.772589
    15.6250          3   3.496508
    11.6627          3   2.995732
    12.0739          3   3.178054
     9.8864          3   3.044523
    18.5407          3   3.367296
    12.5921          3   3.433987
     6.3920          3   .6931472
     9.5170          3   2.197225
    16.9278          3   2.944439
     7.8125          3   2.639057
    13.4154          3   3.465736
    10.1010          3   2.302585
    10.6534          3   3.433987
     7.1023          3    2.70805
    10.4167          3   3.135494
     9.5694          3   2.890372
     6.3636          3    3.78419
    10.7494          3   2.484907
    11.9318          3   3.135494
    10.9762          3   3.218876
    15.3914          3   3.258096
    14.2045          3   3.258096
    15.6250          3   3.637586
     8.7413          3    1.94591
     7.1023          3   1.791759
    12.7093          3   3.135494
    13.5732          3   3.367296
     7.7751          3   2.944439
    11.2427          3   3.091043
     6.7235          3   2.833213
     6.8182          3   2.772589
    12.2850          3   2.833213
    17.0455          3   3.135494
    12.8589          3   3.258096
     6.9936          3   1.098612
    13.2576          3   2.639057
    10.1801          3   2.564949
    12.6263          3   2.639057
     9.9432          3   2.772589
    15.2439          3   2.302585
     8.9713          3    2.70805
     9.8011          3   2.772589
    10.4167          3   2.833213
    13.4569          3   3.218876
    11.4879          3   3.555348
    11.2141          3   2.944439
    12.6831          3   2.890372
     7.7751          3   3.258096
     5.2083          3   2.079442
     9.4697          3   3.135494
     9.4697          3   2.890372
    10.7955          3    2.70805
    13.9860          3   3.555348
    11.9617          3   2.564949
     7.4968          3   .6931472
    11.9617          3   2.833213
     6.5657          3   2.079442
    11.7794          3   2.772589
     9.1991          3   3.583519
     9.3750          3   2.564949
     9.9747          3   3.258096
     6.6761          3   1.791759
     8.2645          3   2.564949
     8.2237          3   3.044523
    10.1009          3   3.526361
     9.2330          3   3.583519
     5.6818          3    1.94591
    15.2439          3   3.332205
    10.6534          3   2.995732
    12.0739          3   3.555348
    13.4943          3   3.218876
    22.7273          3   3.044523
     7.6705          3   2.564949
    13.4569          3   3.091043
     8.2237          3   3.496508
     9.0393          3   3.401197
     8.2237          3    1.94591
    11.9617          3   2.890372
     9.2188          3   3.091043
    11.9491          3   2.772589
     6.8182          3   3.295837
    12.7841          3   3.526361
    19.7538          3   3.135494
     8.6806          3    2.70805
     9.5694          3   3.367296
    10.4665          3   1.791759
    11.7213          3    2.70805
     8.2071          3   1.609438
    10.6467          3   1.791759
    13.0084          3   2.890372
    10.7494          3   2.833213
     8.9962          3   3.496508
     8.6806          3   3.178054
    10.4665          3   2.772589
    12.7093          3   3.135494
     5.9343          3   2.397895
     6.1983          3    1.94591
     7.8125          3   3.401197
     6.2799          3   .6931472
     8.5227          3   2.995732
     6.8532          3   1.098612
    10.8225          3   2.484907
     7.6705          3   3.465736
     8.9843          3   2.564949
    10.8623          3   1.609438
     9.6441          3   3.091043
    12.6420          3   3.044523
     7.5758          3   2.564949
     7.4416          3   3.258096
     8.2071          3    2.70805
     9.2330          3   2.772589
     8.5227          3    1.94591
     8.2237          3   1.098612
    14.9937          3   2.890372
    10.8902          3   3.367296
     7.4761          3   2.079442
    10.7323          3   2.890372
     5.6818          3   3.610918
     8.5227          3   2.833213
    10.2273          3   2.079442
     8.7358          3   2.564949
    17.1638          3   3.218876
    16.6247          3   3.218876
    11.3636          3   3.367296
     5.6818          3   2.995732
    11.5172          3   1.609438
     6.8182          3   2.639057
    12.6263          3   2.995732
     8.9713          3   2.833213
    12.0014          3   3.258096
     8.9066          3   3.332205
    12.7093          3   3.555348
    11.8007          3   3.332205
     8.6648          3   2.944439
    10.5518          3   3.091043
     8.5227          3   2.833213
     8.2386          3   2.484907
    15.8923          3   3.258096
     9.6591          3   2.995732
    14.5688          3   2.944439
    10.3693          3   2.995732
    10.9266          3   3.295837
    22.5981          3   3.496508
     7.8409          3   3.367296
     4.8117          3   1.386294
    15.3563          3   3.218876
     8.6364          3   1.609438
     9.8011          3    1.94591
     5.7955          3   2.639057
    12.1591          3   3.295837
    12.7392          3   2.944439
    14.1385          3   2.890372
    14.2045          3   3.465736
    14.7727          3   3.526361
    10.4167          3   3.583519
    12.8788          3   3.496508
    14.0625          3   3.465736
    12.8517          3   3.295837
    20.9912          3   3.135494
     8.1787          3    1.94591
     8.9489          3   1.791759
     7.9545          3   2.397895
     9.0078          3    2.70805
    13.3690          3   1.791759
    13.8889          3   2.890372
     7.3266          3   2.302585
     8.0742          3   1.791759
     8.9713          3   2.833213
    14.0467          3   3.526361
    13.6812          3   2.833213
    18.4999          3    3.78419
     8.5227          3   2.397895
     8.8778          3   1.386294
    14.2045          3   3.555348
     7.5758          3   3.178054
     9.8366          3   2.564949
    10.3917          4   2.772589
    13.4622          4   3.258096
     7.3390          4   2.833213
    12.8517          4   3.218876
     8.2607          4    2.70805
     7.7479          4   1.791759
     7.6256          4   .6931472
    20.6156          4   3.218876
    12.1753          4   3.367296
    13.0997          4    2.70805
     8.7933          4    2.70805
    11.3636          4   3.218876
    16.1241          4   2.944439
    10.7955          4   3.258096
    11.2853          4   3.526361
    10.1010          4   1.791759
    17.3611          4   3.526361
    26.7046          4   3.828641
     9.6591          4   3.258096
    15.6250          4   3.496508
    10.9348          4   2.833213
    11.3636          4   3.044523
     9.4697          4   1.609438
     9.0909          4   2.079442
    16.5720          4   3.295837
    14.2045          4   2.995732
    10.6534          4   2.484907
     5.6818          4    1.94591
    14.9793          4   3.332205
    11.3636          4   3.178054
    14.9522          4   2.772589
     8.5227          4   2.397895
    13.7987          4   3.583519
     7.2674          4   1.609438
    13.4869          4   2.944439
     7.9029          4   .6931472
    10.1010          4   3.433987
    11.6162          4   2.944439
    10.2588          4   2.639057
    16.2926          4   2.079442
    17.5325          4   3.496508
    19.4378          4   3.258096
    32.1970          4   3.465736
    11.5057          4   3.091043
    13.1119          4   3.258096
    20.4545          4   2.944439
    18.0195          4   3.555348
     7.8125          4   1.609438
     9.9432          4    1.94591
    10.3591          4   2.397895
     6.3131          4   1.098612
    10.1919          4   1.386294
    14.9522          4   3.091043
    26.1364          4   3.044523
    11.9949          4   2.564949
    12.0455          4   2.772589
    10.4990          4   3.044523
     9.4697          4   2.833213
     7.9545          4   1.098612
    20.1705          4   3.583519
     8.6426          4   1.609438
    13.4569          4   1.791759
    12.2850          4   3.178054
     6.9444          4   1.609438
     6.8182          4   2.302585
    14.2045          4   3.091043
    11.9318          4   2.564949
    11.9617          4   2.833213
    17.8977          4   2.639057
    13.6364          4   3.496508
    18.4659          4   3.465736
    12.2546          4   2.995732
     9.9432          4   2.197225
    15.6250          4   2.397895
    15.1515          4   2.484907
    14.5885          4   3.401197
    17.6136          4   2.772589
    15.6250          4   3.496508
    11.2564          4   3.496508
     7.8125          4   1.098612
    11.6162          4   3.135494
     8.0492          4   1.386294
    10.0524          4   1.609438
    12.7841          4   3.367296
    15.7159          4    3.73767
    14.8810          4   2.397895
     7.3864          4   1.386294
     9.3434          4   2.944439
    11.3636          4   3.496508
    10.4206          4   2.079442
     9.2330          4    1.94591
    12.3106          4   2.302585
    10.1675          4   2.197225
    11.6477          4   2.079442
    12.8589          4   2.890372
    12.7841          4   3.295837
     8.8384          4   2.079442
     6.4759          4    1.94591
     9.7505          4   2.484907
     6.2500          4   2.397895
     8.5227          4   2.302585
    18.1818          4   3.332205
     6.7285          4   2.197225
     7.5265          4   1.609438
     8.9713          4   1.098612
    12.2850          4   2.890372
    12.6263          4   3.218876
    15.6250          4   2.944439
    13.4154          4    2.70805
    10.7955          4   3.218876
    25.8265          4   3.583519
    17.8571          4   3.401197
    21.3068          4   3.496508
    11.2141          4   2.564949
    12.1528          4   2.197225
     9.0909          4   2.397895
    10.2273          4    2.70805
    11.7783          4   2.890372
    15.1515          4   2.995732
    11.5993          4   3.091043
    15.4040          4   2.995732
    18.0737          4   2.995732
     8.7121          4   2.564949
     9.3434          4   2.302585
     9.8684          4   3.526361
    10.1981          4   2.995732
    13.4154          4   2.079442
    10.7494          4   2.197225
    14.5202          4   2.944439
     7.3864          4    2.70805
    15.4221          4   3.367296
    10.9151          4   2.397895
    10.7656          4   1.386294
    10.2426          4   2.890372
     7.3864          4    1.94591
    14.6104          4   3.218876
    10.9504          4   1.791759
    12.6634          4   2.890372
    12.5393          4   3.555348
     6.1983          4    2.70805
     8.2237          4   1.386294
    15.9091          4   2.944439
    10.3306          4   1.791759
    10.3170          4   2.564949
     9.0909          4   2.484907
    10.9375          4   2.302585
    13.4943          4   3.091043
    14.9522          4   2.772589
    15.9091          4   3.044523
    17.0455          4    2.70805
     6.3131          4   1.609438
    13.0051          4   2.397895
     8.7933          4   1.791759
     9.2138          4    2.70805
    16.1483          4   3.295837
    14.1278          4    1.94591
    12.2608          4   2.484907
    13.3125          4   3.091043
    14.2045          4   3.091043
    15.6250          4   2.944439
     9.7587          4   2.397895
    19.4129          4   2.397895
     8.7256          4   1.098612
    13.0682          4   3.218876
     9.2330          5   1.098612
    11.9617          5   1.098612
    22.1280          5   3.637586
    18.4659          5   2.639057
    30.5398          5   3.637586
    18.9394          5   3.044523
    21.3068          5   3.688879
    11.1364          5    2.70805
    13.1119          5   2.833213
     9.3182          5   1.386294
    17.6768          5   3.332205
     9.7403          5   2.944439
     5.3267          5    1.94591
    17.3611          5   2.564949
    37.8788          5   2.944439
    19.9631          5   3.496508
    11.2141          5    1.94591
    14.6531          5   2.564949
    15.9091          5   2.302585
    14.7727          5   2.639057
    15.9091          5   3.295837
    11.7342          5   2.995732
    26.5151          5   3.295837
    13.2576          5   3.044523
    23.0824          5   2.397895
    18.9394          5   2.833213
    18.4659          5   3.135494
    14.5202          5   2.397895
     9.7189          5   2.484907
    10.5114          5   .6931472
     8.1818          5   2.079442
    20.7386          5    2.70805
    11.3636          5   2.944439
    15.6250          5   2.302585
    18.0398          5   3.178054
     5.6818          5   2.302585
    24.8737          5   2.995732
    18.4659          5   2.197225
     5.3662          5   2.484907
    14.4628          5   2.995732
     7.2109          5   3.295837
    18.8920          5    1.94591
     6.2500          5   2.197225
    14.7727          5   2.995732
    13.4091          5   3.433987
     9.7403          5    1.94591
    21.5909          5   3.091043
    17.0455          5   2.484907
    21.2321          5   2.833213
    18.0321          5   2.833213
    14.6531          5   2.397895
    10.5708          5   2.302585
    16.4141          5   2.944439
    20.7150          5   3.044523
     7.5758          5   1.098612
    26.5151          5   3.367296
    24.6591          5   3.433987
    10.5682          5   2.302585
    18.9942          5   2.772589
    10.2273          5   1.609438
    13.8206          5   3.367296
     9.9432          5   2.772589
    12.6748          5   1.791759
     8.8068          5   1.386294
    13.0084          5   2.302585
    20.2922          5   3.465736
    17.1840          5   2.079442
    32.2830          5   2.639057
    12.5000          5    1.94591
    15.6250          5   2.944439
    29.4192          5   3.367296
    12.6033          5   2.197225
    17.1950          5   2.944439
    18.4275          5   3.258096
    12.2850          5   2.197225
    14.2045          5   2.564949
     7.9545          5   2.079442
    15.4009          5   1.791759
    16.1415          5    1.94591
    24.4792          5   3.465736
    18.4659          5   2.772589
    17.1807          5   2.772589
    14.7727          5    2.70805
    18.4091          5   3.218876
    14.2045          5   3.295837
    12.0855          5   3.433987
    11.3636          5   1.609438
    15.7828          5   3.401197
    12.6263          5   1.386294
    21.0381          5   3.526361
    11.3636          5   2.772589
    19.8864          5    2.70805
     6.9444          5   2.302585
    13.4943          5   3.496508
    20.0000          5   3.367296
    21.3068          5   2.995732
     6.3920          5   1.386294
    12.1753          5   2.639057
    12.5000          5   2.564949
    14.2045          5   3.218876
    12.0739          5   2.564949
    17.0455          5   3.583519
    11.6162          5   .6931472
    11.3636          5   3.496508
     7.8125          5   1.791759
    18.1818          5   3.218876
     4.9242          5   3.610918
    11.3636          5   2.079442
    29.0404          5   3.218876
    14.1317          5    1.94591
    23.9234          5   2.995732
     9.7189          5   1.098612
    11.5486          5    1.94591
    20.8719          5   3.496508
     9.2330          5   3.135494
     6.2500          5   .6931472
    14.8774          5   2.484907
     7.4405          5   2.772589
    17.6768          5   2.890372
    17.8571          5   3.433987
     6.2500          5   1.386294
    28.4091          5   3.433987
    19.7301          5   2.890372
    15.7670          5   2.079442
    13.0528          5   2.197225
    10.2273          5   2.484907
    12.7093          5   2.079442
    12.5000          5   2.772589
     8.2237          5   2.302585
    21.3068          5   3.555348
    20.0630          5   3.218876
     7.7751          5   1.098612
     7.4179          5   2.944439
    15.1956          5   3.218876
    10.3170          5    1.94591
    11.9318          5   2.484907
     8.0492          5   2.833213
    14.9581          5   3.332205
     8.5227          5   3.178054
    11.6627          5   1.609438
    17.0455          5   2.833213
     9.9432          5    2.70805
    13.4091          5   3.367296
    10.0852          5   1.791759
    11.6162          5   1.098612
    16.9102          5   3.295837
    10.5706          5   2.197225
    12.5000          5   2.995732
    18.7012          5   3.044523
    15.4976          5   2.772589
     8.4983          5   2.484907
     9.7656          5   3.178054
    12.7093          5   3.091043
     7.9545          5   1.098612
    26.2784          5   2.890372
    10.2396          5   3.091043
    19.6023          5   3.496508
    14.7727          5   2.397895
    14.2045          5   2.484907
    16.2978          5   2.639057
    18.5227          5   3.465736
    15.3409          5   3.401197
    14.9522          5   3.044523
     8.7121          5   .6931472
    10.3306          5   1.791759
    10.3535          5   1.098612
    20.6876          5   3.295837
     7.9545          5   .6931472
    34.0909          5   2.833213
    11.9665          5   2.564949
    13.9023          5   3.218876
    38.5890          5   3.663562
    13.4407          5    1.94591
    25.5682          5   3.332205
    14.8864          5   3.496508
    16.4474          5   2.995732
    14.2045          5   2.397895
     9.2803          5   2.564949
     6.0606          5   .6931472
     6.1553          5   3.258096
    16.6193          5   3.218876
    11.9617          5   1.791759
    22.7273          5   3.178054
    20.1705          5   2.639057
     7.5284          5   3.091043
    16.2563          5   3.295837
    12.2475          5   1.791759
    11.4872          5   2.079442
    19.1761          5    1.94591
     8.5888          5   1.098612
    47.9798          5   3.367296
    10.5395          5   3.135494
     9.4697          5   3.258096
    17.7020          5   3.135494
    12.4290          5   2.944439
    29.3561          5   3.433987
    11.2141          5   .6931472
    15.1515          5   3.218876