    4.8594          1   2.772589
    8.2697          1   2.772589
    7.0275          1   3.688879
    7.4968          1   3.044523
    6.8149          1   3.663562
    6.3508          1   3.637586
    8.1646          1   2.944439
    6.5758          1   3.178054
    3.4091          1   3.178054
    7.9901          1   2.995732
    4.1866          1   1.098612
    6.9805          1   3.091043
    4.5455          1   2.639057
    8.5227          1    3.73767
    9.8565          1   3.637586
    4.9342          1   2.833213
    6.6527          1   3.688879
    7.9545          1   3.401197
    5.3747          1   3.496508
    7.5758          1   2.995732
    6.0134          1   2.639057
    8.5227          1    2.70805
    5.0117          1   2.995732
    7.3314          2    3.73767
    6.2322          2   3.178054
    6.2229          2   1.609438
   14.9522          2   3.555348
   10.5459          2   3.091043
   10.6534          2   3.465736
    8.3333          2   2.833213
    5.6818          2   2.772589
    6.1917          2   3.135494
    8.5227          2   3.637586
    6.7285          2   3.496508
   12.2608          2   3.555348
    6.7077          2   3.465736
    8.2237          2    2.70805
   10.7656          2   3.218876
    7.1849          2   3.135494
    8.0900          2   2.944439
    8.5227          2   2.944439
    7.4179          2   2.397895
    7.6256          2   2.302585
   13.0084          2   2.890372
    7.1770          2   2.639057
    7.9545          2   2.833213
    8.9713          2   2.833213
    8.2237          2   3.295837
    6.8780          2   3.044523
    8.2875          2   3.332205
    7.1023          2   3.044523
    9.7064          2   3.332205
    9.2980          2   3.433987
   11.5552          2   2.197225
    8.2138          2   3.044523
    7.3864          2   1.609438
    7.6941          2    2.70805
    6.2500          2          0
    8.2996          2   3.433987
    7.6941          2   3.091043
    5.4924          2   2.079442
   10.0616          2   3.583519
   11.2889          2   3.367296
    5.6029          2   3.526361
    5.8275          2          0
    5.9880          2   3.044523
    7.4761          2   2.397895
    6.7641          2   3.135494
    7.9737          2   3.465736
    4.6165          2   3.295837
    7.3653          2   3.135494
   10.2273          2   3.258096
    7.1770          2   3.332205
    8.1169          2   2.302585
    7.1023          2    2.70805
   13.4943          2   3.091043
    8.5187          2   2.833213
    7.5284          2    1.94591
   10.6218          2   3.332205
   13.4943          2   3.218876
    2.2096          2   3.610918
    7.8125          2   2.639057
    5.2333          2   3.332205
    7.1640          2   3.218876
    7.2810          2   2.639057
   12.5528          2   3.135494
    6.8335          2   2.772589
    7.7751          2   3.401197
    7.2403          2   3.465736
    8.0492          2   3.295837
    5.3267          2   2.772589
    8.1639          2   3.496508
    9.3750          2   3.332205
    9.7189          2   3.178054
    7.8125          3   .6931472
   12.5190          3   2.995732
    7.6705          3   3.044523
    4.5455          3   1.386294
   10.2588          3   3.526361
    9.3750          3    1.94591
    8.3807          3     3.7612
   11.2141          3   2.197225
   10.5519          3   3.178054
   10.2588          3   3.091043
   10.7494          3   3.044523
    5.3571          3   1.386294
    6.3547          3   1.609438
    9.7189          3   2.890372
    7.9545          3   2.772589
   11.9617          3   2.197225
    7.9545          3   2.197225
    5.9659          3   1.386294
    7.7751          3   2.079442
    4.8295          3   3.178054
    7.5869          3   2.302585
    6.3920          3   2.944439
    6.7149          3   2.833213
    8.8218          3   2.397895
    6.5909          3   1.386294
   10.1675          3   2.397895
    2.5000          3   2.833213
   24.6711          3   2.833213
    8.0492          3   1.098612
   10.2842          3   3.433987
    9.4697          3   2.639057
    7.2174          3   2.302585
    7.9246          3   3.218876
   10.1010          3   3.295837
   10.5519          3   3.258096
   10.1675          3    1.94591
   11.8243          3    2.70805
    7.8125          3   2.639057
    6.7285          3   1.098612
   11.6477          3   3.401197
    8.8218          3   3.135494
   10.9849          3    2.70805
    6.7285          3   2.484907
    9.2330          3     3.7612
    8.2237          3   2.944439
   11.1686          3   3.367296
    8.3807          3    2.70805
   11.2600          3   3.135494
    6.5559          3   2.639057
    6.6288          3   2.484907
   13.8206          3   3.433987
    6.7285          3   1.609438
   11.1742          3   2.890372
   11.5172          3   3.496508
   11.3291          3   2.995732
    8.1558          3   2.079442
    7.4761          3   1.791759
    8.2237          3   2.484907
    8.6806          3   2.639057
    9.6591          3   1.609438
   12.7093          3   3.465736
   17.8571          3   2.772589
    7.8739          3   3.091043
    8.9489          3   2.564949
   12.0739          3   2.302585
   14.3939          3   2.833213
    5.0054          3   1.791759
    8.2237          3   2.302585
   10.4665          3   3.135494
   10.1010          3   3.091043
   11.0565          3   2.833213
    8.2237          3   2.484907
   11.2401          3   3.332205
   13.0973          3   2.995732
    8.0492          3   2.564949
    9.9747          3   2.197225
    8.2237          3   3.135494
    9.5137          3   3.258096
   11.8371          3   3.218876
    8.4565          3   2.302585
   14.1761          3   3.135494
    9.5170          3    2.70805
   12.3106          3   3.688879
    7.2520          3   1.386294
    7.8630          3   2.772589
   10.8225          3   2.995732
    5.1659          3   .6931472
    7.0450          3   3.091043
   10.3147          3   2.302585
    8.2508          3   2.197225
    7.6941          3   2.397895
   10.0379          3    2.70805
    8.7121          3   2.484907
    7.8125          3   1.609438
    5.8489          3   .6931472
    8.7413          3   2.484907
    6.4294          3   2.833213
   12.5000          3   3.091043
    9.1829          3   2.944439
    7.6705          3   2.833213
    6.2784          3   3.178054
   30.9917          3   3.178054
   11.5945          3   3.401197
    6.7598          3   3.295837
    8.9598          3   3.135494
    6.8182          3   2.484907
    6.7116          3   2.944439
    6.0065          3   1.386294
    8.9713          3   3.091043
   10.2588          3   3.401197
    2.2727          3   3.871201
    8.6806          3   1.386294
    9.4697          3   2.944439
    7.8544          3   2.833213
    7.3710          3   2.639057
   10.2273          3   2.484907
    8.0742          3   1.386294
   11.8122          3   2.890372
   14.8931          3   2.944439
    8.1388          3   2.302585
    8.4835          3   3.091043
   10.7323          3   2.639057
   11.5716          3   2.890372
    9.1315          3   2.079442
    9.1540          3   .6931472
    7.4968          3   1.386294
    6.2658          3          0
   10.6534          3   3.218876
    6.9602          3   1.386294
    7.1023          3   2.484907
    7.2601          3   1.609438
    5.5240          3   1.098612
    7.0455          3   2.944439
   12.2783          3   2.397895
   14.6307          3   3.663562
   13.4569          3   2.944439
   10.5997          3   2.772589
    7.6705          3   1.609438
    5.6158          3   1.386294
    7.5295          3   1.791759
    9.7189          3    2.70805
    7.3472          3   2.833213
   10.5395          3   2.397895
    8.6723          3   1.791759
    9.1315          3   2.944439
    9.0909          3   2.944439
    7.8651          3   3.044523
    8.2386          3   2.302585
   13.4569          3   2.639057
    6.0065          3   2.197225
    6.3547          3   1.609438
   15.0162          3   3.401197
    7.5000          3   1.609438
   19.3489          3   3.583519
   21.3068          3   3.496508
    9.7189          3   2.484907
    7.7705          3   2.564949
    9.0909          3   2.397895
    9.9252          3   2.772589
    8.3732          3   2.564949
   10.6534          3   3.091043
   14.6350          3   3.178054
   10.9091          4   1.609438
    8.1169          4   1.609438
    9.2703          4    1.94591
    6.0369          4   2.397895
    8.7256          4    1.94591
    7.7415          4   1.386294
    6.7472          4   1.098612
    9.9101          4   2.397895
    8.5227          4    1.94591
    8.3807          4   1.098612
    9.2703          4   1.791759
   12.5842          4   2.639057
    6.3920          4   2.397895
    8.9926          4   2.564949
    6.0369          4   1.609438
   13.4569          4   2.772589
   11.9617          4    1.94591
   10.7767          4   2.484907
    8.0966          4   2.079442
    8.9489          4   2.397895
    7.5758          4    1.94591
    9.5881          4   3.218876
    8.6806          4   2.639057
   19.8864          4   2.944439
   13.4569          4   3.332205
   14.9937          4   3.401197
   12.0491          4   3.135494
    7.9545          4   3.295837
    9.8011          4   2.197225
   13.3168          4   2.397895
   11.0369          4   3.295837
    8.6723          4   1.386294
   16.4474          4   2.944439
   11.3636          4   2.484907
   18.1818          4   3.332205
   11.3636          4   3.044523
    7.3864          4   1.386294
   12.0739          4   3.401197
    9.1667          4   2.639057
   11.3636          4   2.890372
   19.8864          4   3.610918
    6.8182          4   3.044523
    8.4246          4   2.397895
   12.9261          4   3.367296
    8.4459          4   1.791759
    6.5857          4   2.197225
   12.7093          4   3.218876
    7.5758          4   .6931472
    8.4374          4   2.484907
   11.3636          4   2.564949
    8.6648          4   2.995732
   11.2141          4   2.944439
    8.6806          4   2.197225
    9.7854          4   2.890372
    8.7810          4   1.791759
    7.0620          4   1.386294
    9.7787          4   2.197225
   10.3394          4   2.944439
   15.6250          4   3.332205
    7.5981          4   2.772589
   14.2045          4   3.401197
   11.1915          4    2.70805
    8.5227          4   1.386294
   11.3636          4   2.397895
   15.1515          4   2.772589
    6.7472          4    1.94591
   12.8393          4   2.197225
   11.9318          4   2.639057
    7.9545          4    1.94591
    7.2314          4   2.639057
    9.4697          4    2.70805
   13.3074          4   2.890372
    6.4480          4   1.609438
    8.3807          4   1.386294
   10.4665          4   2.197225
    9.1991          4   2.079442
   12.6792          4   2.302585
   14.2045          4   3.610918
   12.0739          4   2.302585
    8.8068          4   1.791759
    8.7664          4   2.639057
   12.3830          4   3.496508
   12.8314          4   2.197225
    9.0909          4   1.386294
   12.0739          4   2.944439
    9.4697          4   1.791759
    9.7189          4   2.302585
    9.0909          4   1.791759
   13.4154          4   3.401197
    8.0492          4   2.639057
   17.8030          4   3.583519
   12.9962          4   3.465736
    7.3864          4   1.098612
   12.5598          4   2.197225
    6.3636          4   2.944439
    7.9246          4   .6931472
   11.2141          4   1.098612
    4.5455          4   1.609438
   16.8350          4   2.484907
    8.5227          4    2.70805
   10.2887          4   1.609438
   10.3418          4    1.94591
    7.8259          4   3.044523
   11.6550          4   2.197225
    8.0966          4   2.079442
    7.1770          4   2.079442
   16.0985          4   2.944439
   15.9801          4   3.258096
   13.6364          4    2.70805
   11.0480          4   3.295837
    7.7896          4   .6931472
   10.4665          4   2.564949
    8.9286          4   1.386294
    6.3920          4   2.995732
   13.6565          4   2.890372
   17.0455          4   2.302585
   12.5598          4   2.639057
   21.0879          4   3.295837
    9.2330          4   1.386294
    8.1439          4   2.079442
   10.1272          4   2.639057
   11.6883          4   2.397895
    8.5227          4   2.772589
    7.9545          4   2.079442
    8.0448          4   2.397895
   14.2045          4   3.465736
    8.1522          4   2.397895
    8.9489          4   2.564949
   14.5202          4   3.135494
    8.5227          4   2.772589
   12.0455          4   3.218876
   14.5532          4   2.564949
   16.8425          4   3.178054
    8.5227          4   2.197225
    8.5227          4   1.609438
   14.0083          4    3.73767
   10.1675          4   1.609438
   10.0108          4   2.564949
   12.1753          4   3.496508
    9.0667          4   2.397895
   11.2141          4   1.386294
   12.2159          4   2.484907
   11.7898          4   2.197225
   10.9375          4   3.218876
   11.6477          4   2.944439
    7.2443          4   1.609438
   12.9870          4   3.135494
   14.9522          4   2.944439
   10.2588          4   2.397895
   12.6263          4   3.044523
   12.6263          4   3.401197
   15.0923          4   3.401197
   11.5132          4    1.94591
    9.9816          4   2.944439
   12.0739          4   2.772589
   14.9522          4   2.302585
   11.9318          4   3.295837
   10.0524          4   2.995732
    8.9215          4   2.639057
    8.7209          4   2.197225
    5.6006          4   .6931472
   13.7311          4   3.332205
   11.6203          4   2.944439
    7.4322          4   2.890372
   11.6979          4   2.639057
   12.7841          4   2.944439
   13.3168          4   3.258096
    8.1818          4   2.639057
   17.4825          4   3.367296
   11.3636          4   1.098612
    6.4566          4   2.833213
   10.9762          4   3.465736
   13.6025          4   3.218876
   12.0739          4   3.295837
    9.1315          4   2.397895
   12.9616          4   2.639057
    7.5284          4   1.609438
   15.9257          4   3.258096
   13.2431          4   1.609438
   13.2576          4    2.70805
    6.0606          4   3.091043
    9.9862          4   2.564949
   11.3636          4   2.079442
   11.9318          4   2.833213
   11.2141          4   2.944439
    9.0602          4   1.098612
    8.4091          4   1.386294
   12.4290          4    2.70805
   17.9771          4   3.218876
   11.3636          4   2.944439
    9.9432          4   2.772589
   12.5393          4   3.526361
    9.3182          5   1.386294
   10.4665          5   1.098612
    6.4566          5   2.995732
    9.8485          5   1.098612
    5.8949          5   .6931472
    7.1591          5   1.791759
   10.8392          5   1.791759
    9.7189          5   2.197225
    7.1023          5   2.079442
    8.1169          5   2.079442
    2.8409          5   2.397895
   11.2453          5   1.609438
   22.9978          5   2.484907
   12.3106          5   2.772589
   17.7273          5   2.772589
   11.9048          5   3.332205
   14.0062          5   3.044523
    9.2330          5    1.94591
    9.9432          5    1.94591
   14.0200          5   3.433987
   11.8122          5   1.791759
    8.7470          5   2.079442
   10.3693          5    1.94591
   15.5897          5   3.433987
   13.4571          5   1.791759
   17.7557          5   3.135494
   16.7140          5   2.484907
    8.5227          5   2.944439
   11.4989          5   3.332205
   15.4221          5   2.302585
   12.5680          5   3.496508
   34.0909          5   3.091043
    8.8636          5   .6931472
   13.4151          5    1.94591
   15.6250          5   2.484907
   10.3197          5   2.564949
   11.1166          5   1.791759
   12.4459          5   2.302585
   13.6364          5   1.386294
    9.0909          5          0
   11.5341          5   2.397895
    8.3268          5   1.791759
    4.9242          5   1.386294
   12.3835          5   2.995732
   10.2273          5   1.098612
   16.6765          5   3.526361
   10.3170          5   1.609438
    9.6388          5   3.433987
    7.7751          5   1.386294
   10.1675          5    1.94591
    9.7189          5   2.484907
   12.4290          5   3.295837
   21.7172          5   3.258096
   13.2576          5   2.197225
    8.5227          5   1.791759
   18.4659          5   3.401197
   16.9808          5   2.079442
    9.8485          5   1.098612
   15.6250          5   3.637586
   10.4665          5   2.944439
   13.8206          5   2.890372
   15.3563          5    1.94591
    9.2330          5   1.386294
   12.9571          5   1.386294
   15.6250          5   3.178054
   10.0179          5   1.609438
   21.8750          5    2.70805
    9.4697          5   2.833213
    9.0909          5   1.791759
    8.5227          5   3.091043
   15.7828          5   2.564949
   11.4268          5          0
   16.7872          5   2.639057
   22.7273          5   2.484907
   19.8864          5   3.258096
   15.4221          5   2.890372
   11.3636          5   2.772589
   13.7311          5   2.772589
    9.1081          5   2.302585
    7.2443          5   1.098612
   12.6263          5   3.218876
   11.7794          5   2.484907
    7.9545          5   1.386294
    7.9545          5   1.386294
    6.3920          5   1.386294
   16.4141          5   3.178054
   10.9151          5   1.609438
   16.4367          5    2.70805
   12.0130          5   2.890372
   12.2159          5   2.302585
   23.6742          5   2.302585
    8.9713          5   .6931472
   15.6250          5   2.772589
   19.8740          5   2.944439
   22.7273          5   2.302585
   17.8571          5   3.091043
   15.1515          5   3.295837
    5.6818          5   1.609438
   13.4943          5   3.044523
   18.3824          5   3.433987
   11.2141          5   2.484907
    8.9713          5   1.791759
    9.2330          5   3.091043
   10.1461          5   1.791759
   13.2605          5   3.218876
   12.3663          5   2.833213
   14.3182          5   2.564949
   10.6534          5   2.302585
    8.6806          5   .6931472
   15.6818          5   3.496508
   14.8026          5   3.135494
   12.3089          5   3.135494
    7.9246          5    1.94591
   10.5519          5   1.386294
    6.6082          5   1.098612
    8.7663          5   1.386294
   10.7323          5   2.397895
   14.5202          5    2.70805
   26.4328          5   3.367296
   13.8889          5   3.526361
   16.8919          5   3.178054
   15.4334          5   2.639057
   10.3066          5   1.609438
    8.3042          5   1.098612
    9.2330          5   1.098612
    9.9026          5   1.791759
   11.3636          5   3.218876
   17.0455          5   2.302585
   24.2424          5   3.295837
    8.5227          5   1.386294
    9.7189          5   1.791759
    5.4997          5    2.70805
   11.1797          5   2.995732
   15.7828          5   2.772589